[mainfo.tenvelopeedit1]
[mainfo.tenvelopeedit1.0]
zoomx=1
zoomy=1
scrollx=0
scrolly=0
activetrace=0
value0=4
 0.0021276595744681,0.025078369905956
 0.029787234042553,0.98432601880878
 0.073643410852713,0.5968028419183
 0.079787234042553,0.92789968652038
value1=0
[mainfo.tenvelopeedit1.1]
x=97
y=0
xprop=0.41849148418492
yprop=1
[mainfo.tenvelopeedit1.2]
marker0_0=10
zoomx=1
zoomy=1
scrollx=0
scrolly=0
activetrace=0
value0=4
 0,0.76021314387211
 0.105263157894737,0.74608150470219
 3.89473684210526,0.98746081504702
 8.31578947368421,0.92476489028213
value1=0
[mainfo.tenvelopeedit1.3]
x=165
y=0
xprop=0.69858156028369
yprop=1
[mainfo.tenvelopeedit1.4]
zoomx=1
zoomy=1
scrollx=0
scrolly=0
activetrace=0
value0=3
 0.026315789473684,0.92007104795737
 0.035294117647059,0.97805642633229
 0.89411764705882,0.93730407523511
value1=0
[mainfo.tsigslider3]
value=0.95833333333333
[mainfo.viewwave]
value=0
[mainfo.viewinput]
value=0
[mainfo.viewpiano]
value=0
[mainfo.viewfile]
value=0
[mainfo.viewnoise]
value=1
[mainfo.volmic]
value=45
[mainfo.slidermic]
value=0.45454545454545
[mainfo.volfile]
value=50
[mainfo.sliderfile]
value=0.5
[mainfo.tfilenameeditx1]
filenames=1
 sound/test.ogg
filenamescust=0
filecolwidth=174
x=0
y=0
cx=0
cy=0
nopanel=0
noicon=0
compact=0
showhidden=0
colnamewidth=211
colsizewidth=81
colextwidth=45
coldatewidth=119
splitterplaces=242
splitterlateral=126
lastdir=sound/
filehistory=3
 /home/fred/wavview_bin/WavvieW_linux64/sound/test.ogg
 /home/fred/wavview_bin/WavvieW_linux64/sound/Sine_wave_440_stereo.ogg
 /home/fred/wavview_bin/WavvieW_linux64/sound/Sine_wave_440_mono.ogg
filefilterindex=0
filefilter="*.wav" "*.ogg" "*.flac" "*.WAV" "*.OGG" "*.FLAC"
[mainfo.Oddwave]
value=0
[mainfo.harmonwave]
value=0
[mainfo.volwav]
value=33
[mainfo.freqwav]
value=440
[mainfo.wavetype]
value=0
[mainfo.kinded]
value=0
[mainfo.tsigslider1]
value=0.52238805970149
[mainfo.sampcount]
value=0
[mainfo.tbooleanedit3]
value=1
[mainfo.tbooleanedit2]
value=1
[mainfo.average]
value=0
[mainfo.tsplitter1]
x=512
y=0
xprop=0.50489236790607
yprop=1
[mainfo]
stackedunder=
x=178
y=62
cx=1024
cy=466
wsize=0
active=1
visible=1
