[mainfo.scaleosci]
value=0
[mainfo.tenvelopeedit1]
[mainfo.tenvelopeedit1.0]
zoomx=1
zoomy=1
scrollx=0
scrolly=0
activetrace=0
value0=3
 0.003,0.94252873563218
 0.0175,0.86206896551724
 0.0475,0.58620689655172
value1=0
[mainfo.tenvelopeedit1.1]
x=200
y=0
xprop=0.34710743801653
yprop=1
[mainfo.tenvelopeedit1.2]
marker0_0=10
zoomx=1
zoomy=1
scrollx=0
scrolly=0
activetrace=0
value0=5
 0.39408866995074,0.86206896551724
 1.82266009852217,0.96551724137931
 2.01970443349754,0.90804597701149
 5.76354679802956,0.62068965517241
 7.04433497536946,0.4367816091954
value1=0
[mainfo.tenvelopeedit1.3]
x=407
y=0
xprop=0.69834710743802
yprop=1
[mainfo.tenvelopeedit1.4]
zoomx=1
zoomy=1
scrollx=0
scrolly=0
activetrace=0
value0=3
 0.01685393258427,0.057471264367816
 0.084269662921348,0.97701149425287
 0.3876404494382,0.91954022988506
value1=0
[mainfo.viewwave]
value=0
[mainfo.viewinput]
value=0
[mainfo.viewpiano]
value=0
[mainfo.viewfile]
value=0
[mainfo.viewnoise]
value=1
[mainfo.slidermic]
value=0.123456790123457
[mainfo.sliderfile]
value=0.38271604938272
[mainfo.tfilenameeditx1]
filenames=1
 sound/test.ogg
filenamescust=0
filecolwidth=174
x=0
y=0
cx=0
cy=0
nopanel=0
noicon=0
compact=0
showhidden=0
colnamewidth=211
colsizewidth=81
colextwidth=45
coldatewidth=119
splitterplaces=242
splitterlateral=126
lastdir=sound/
filehistory=3
 /home/fred/WavvieW/src/sound/test.ogg
 /home/fred/WavvieW/src/sound/Sine_wave_440_mono.ogg
 /home/fred/WavvieW/src/sound/Sine_wave_440_stereo.ogg
filefilterindex=0
filefilter="*.wav" "*.ogg" "*.flac" "*.WAV" "*.OGG" "*.FLAC"
[mainfo.Oddwave]
value=0
[mainfo.harmonwave]
value=0
[mainfo.volwav]
value=22
[mainfo.freqwav]
value=440
[mainfo.wavetype]
value=0
[mainfo.kinded]
value=0
[mainfo.tsigslider1]
value=0.43661971830986
[mainfo.sampcount]
value=0
[mainfo.tsigslider3]
value=0.63063063063063
[mainfo.spectrumon]
value=1
[mainfo.oscion]
value=1
[mainfo.average]
value=0
[mainfo.tsplitter1]
x=685
y=0
xprop=0.50448833034111
yprop=1
[mainfo]
stackedunder=
x=99
y=110
cx=1116
cy=484
wsize=6
active=1
visible=1
