[mainfo.viewinput]
value=0
[mainfo.viewpiano]
value=0
[mainfo.viewfile]
value=0
[mainfo.viewnoise]
value=1
[mainfo.tfilenameeditx1]
filenames=1
 sound/test.ogg
filenamescust=0
filecolwidth=0
x=0
y=0
cx=0
cy=0
nopanel=0
noicon=0
compact=0
showhidden=0
colnamewidth=0
colsizewidth=0
colextwidth=0
coldatewidth=0
splitterplaces=0
splitterlateral=0
lastdir=sound/
filehistory=0
filefilterindex=0
filefilter="*.wav" "*.ogg" "*.flac" "*.WAV" "*.OGG" "*.FLAC"
[mainfo.kinded]
value=0
[mainfo.sampcount]
value=0
[mainfo.tsigslider1]
value=0.52238805970149
[mainfo.average]
value=0
[mainfo.tsigslider3]
value=0.95833333333333
[mainfo.tsigkeyboard1]
value=100
[mainfo.tenvelopeedit1]
[mainfo.tenvelopeedit1.0]
zoomx=1
zoomy=1
scrollx=0
scrolly=0
activetrace=0
value0=3
 0.0021276595744681,0.025078369905956
 0.029787234042553,0.98432601880878
 0.079787234042553,0.92789968652038
value1=0
[mainfo.tenvelopeedit1.1]
x=94
y=0
xprop=0.34751773049645
yprop=1
[mainfo.tenvelopeedit1.2]
marker0_0=10
zoomx=1
zoomy=1
scrollx=0
scrolly=0
activetrace=0
value0=3
 0.105263157894737,0.74608150470219
 3.89473684210526,0.98746081504702
 8.31578947368421,0.92476489028213
value1=0
[mainfo.tenvelopeedit1.3]
x=193
y=0
xprop=0.69858156028369
yprop=1
[mainfo.tenvelopeedit1.4]
zoomx=1
zoomy=1
scrollx=0
scrolly=0
activetrace=0
value0=2
 0.035294117647059,0.97805642633229
 0.89411764705882,0.93730407523511
value1=0
[mainfo.tsplitter2]
x=736
y=0
xprop=0.72407045009785
yprop=1
[mainfo.tsplitter1]
x=344
y=0
xprop=0.34050880626223
yprop=1
[mainfo]
stackedunder=
x=135
y=162
cx=1024
cy=466
wsize=0
active=1
visible=1
