[mainfo.pianoactive]
value=1
[mainfo.noiseactive]
value=0
[mainfo.tenvelopeedit1]
[mainfo.tenvelopeedit1.0]
zoomx=1
zoomy=1
scrollx=0
scrolly=0
activetrace=0
value0=3
 0.003030303030303,0.0082644628099174
 0.025252525252525,0.9862258953168
 0.085858585858586,0.88429752066116
value1=0
[mainfo.tenvelopeedit1.1]
x=99
y=0
xprop=0.34797297297297
yprop=1
[mainfo.tenvelopeedit1.2]
marker0_0=10
zoomx=1
zoomy=1
scrollx=0
scrolly=0
activetrace=0
value0=3
 0.7,0.93112947658402
 3.8,0.97796143250689
 8.8,0.74380165289256
value1=0
[mainfo.tenvelopeedit1.3]
x=203
y=0
xprop=0.69932432432432
yprop=1
[mainfo.tenvelopeedit1.4]
zoomx=1
zoomy=1
scrollx=0
scrolly=0
activetrace=0
value0=2
 0.067415730337079,0.93112947658402
 0.51685393258427,0.98347107438017
value1=0
[mainfo.tsplitter2]
x=736
y=0
xprop=0.71428571428571
yprop=1
[mainfo.kinded]
value=0
[mainfo.tsigslider1]
value=0.52760736196319
[mainfo.sampcount]
value=0
[mainfo.tsplitter1]
x=392
y=0
xprop=0.38223938223938
yprop=1
[mainfo.tsigslider3]
value=0.88461538461539
[mainfo.tsigkeyboard1]
value=100
[mainfo.average]
value=0
[mainfo]
stackedunder=
x=171
y=94
cx=1038
cy=505
wsize=0
active=1
visible=1
