[mainfo.viewinput]
value=0
[mainfo.viewpiano]
value=0
[mainfo.viewfile]
value=0
[mainfo.viewnoise]
value=1
[mainfo.tfilenameeditx1]
filenames=1
 /home/fred/WavvieW/src/sound/test.ogg
filenamescust=0
filecolwidth=174
x=440
y=189
cx=608
cy=484
nopanel=0
noicon=0
compact=0
showhidden=0
colnamewidth=211
colsizewidth=81
colextwidth=45
coldatewidth=119
splitterplaces=242
splitterlateral=126
lastdir=/home/fred/WavvieW/src/sound/
filehistory=7
 /home/fred/WavvieW/src/sound/test.ogg
 /Z:/home/fred/WavvieW/src/sound/test.ogg
 /home/fred/Music/pianochords/Cm_PIANO.ogg
 /home/fred/NoiseGenerator/src/sound/Sine_wave_440_stereo.ogg
 /home/fred/NoiseGenerator/src/sound/Sine_wave_440_mono.ogg
 /home/fred/NoiseGenerator/src/sound/test.ogg
 /home/fred/Downloads/Sine_wave_440.ogg
filefilterindex=-1
filefilter="*.wav" "*.ogg" "*.flac" "*.WAV" "*.OGG" "*.FLAC"
[mainfo.kinded]
value=0
[mainfo.sampcount]
value=0.55555555555556
[mainfo.tsigslider1]
value=0.34328358208955
[mainfo.average]
value=0
[mainfo.tsigslider3]
value=0.63541666666667
[mainfo.tsigkeyboard1]
value=100
[mainfo.tenvelopeedit1]
[mainfo.tenvelopeedit1.0]
zoomx=1
zoomy=1
scrollx=0
scrolly=0
activetrace=0
value0=4
 0.003030303030303,0.0082644628099174
 0.0091836734693878,0.067039106145251
 0.035714285714286,0.98603351955307
 0.071428571428571,0.85754189944134
value1=0
[mainfo.tenvelopeedit1.1]
x=98
y=0
xprop=0.34797297297297
yprop=1
[mainfo.tenvelopeedit1.2]
marker0_0=10
zoomx=1
zoomy=1
scrollx=0
scrolly=0
activetrace=0
value0=3
 0.20408163265306,0.87150837988827
 3.97959183673469,0.98603351955307
 8.36734693877551,0.70391061452514
value1=0
[mainfo.tenvelopeedit1.3]
x=200
y=0
xprop=0.69932432432432
yprop=1
[mainfo.tenvelopeedit1.4]
zoomx=1
zoomy=1
scrollx=0
scrolly=0
activetrace=0
value0=5
 0.125,0.97206703910615
 0.43181818181818,0.99441340782123
 0.73863636363636,0.84916201117318
 0.77272727272727,0.84078212290503
 0.89772727272727,0.93854748603352
value1=0
[mainfo.tsplitter2]
x=726
y=0
xprop=0.71428571428571
yprop=1
[mainfo.tsplitter1]
x=387
y=0
xprop=0.38223938223938
yprop=1
[mainfo]
stackedunder=
x=83
y=146
cx=1024
cy=505
wsize=0
active=1
visible=1
